1327
2056
1476
368
1117
1693
2288
313
1168
2187
1448
273
156
233
916
1066
1499
2007
2130
882
1868
2305
1534
1557
656
872
2318
2135
815
67
338
1967
1949
364
948
2169
334
1551
2211
1413
2028
473
1942
2276
1182
252
230
2047
568
287
839
2307
972
899
467
1563
198
914
1282
153
2069
1009
2091
965
208
239
1237
391
1029
294
554
412
674
874
2147
1263
1667
92
2022
599
1751
2178
785
129
2023
1764
1690
739
177
54
489
1188
475
1838
984
352
1670
1147
60
859
1862
1741
976
1518
2246
881
1549
1022
1153
1030
827
2080
1980
571
1631
1340
105
887
260
1088
2236
1023
1694
515
2302
1221
1311
1722
160
1434
2207
698
877
822
128
1428
1583
284
1686
2102
1059
1873
1539
1619
695
618
519
430
516
1565
497
1744
958
1634
1640
1052
1767
51
805
452
1310
2093
2148
2241
1363
1964
2289
717
1801
123
2220
1002
1993
171
333
1043
2082
1053
1989
2120
1598
2227
1796
2320
1888
163
756
1946
2206
1999
1933
1206
603
1802
2139
185
1064
722
1406
890
1857
377
723
611
2293
1497
439
996
804
1940
1276
2277
1210
482
812
397
538
56
2313
1436
825
771
1246
931
1441
780
2195
2201
1111
837
694
1127
526
1228
601
19
2108
73
523
457
318
1252
1466
1786
144
767
1308
10
2077
1943
598
1721
744
249
61
355
1487
1176
481
2012
2156
1810
570
2315
79
389
1393
864
487
1520
1041
492
1699
883
433
777
423
1766
122
359
2322
666
1401
1535
1779
833
1770
478
1446
151
1135
910
1353
472
365
357
788
1605
190
138
1966
1819
1727
1213
398
168
1209
1537
176
794
1685
714
1267
736
1991
1198
1495
971
1243
363
2166
1601
1734
706
624
2225
1229
1968
945
954
347
170
147
1917
1489
483
80
1173
1230
2117
484
1082
1726
1357
1780
955
2039
2066
683
606
1682
2065
1820
1826
22
2257
290
378
1582
1797
444
1133
977
1437
1842
2025
803
545
134
867
225
43
1318
2152
928
32
499
2136
1581
321
1317
705
1514
1323
1146
2253
2247
1932
282
1731
2208
414
323
1515
373
1719
1972
1669
697
1632
2084
1961
983
1679
1602
2284
418
1812
1169
149
1312
136
1451
1028
752
2034
2240
1478
1629
1010
681
2121
1424
337
1493
1987
1073
165
2317
400
589
1150
1665
2176
1387
1859
816
264
2048
1645
133
1892
1420
1123
689
2049
943
1894
458
1181
1262
1702
1710
228
1348
1728
1595
610
575
746
214
1957
1390
662
2238
2191
1183
529
1289
740
448
1366
1988
1778
1172
2003
1496
1718
118
1739
778
2054
1529
1856
216
1149
574
2149
838
1855
1398
2116
328
434
1666
2035
223
422
647
1829
31
2235
2111
1187
703
405
718
1152
921
15
1051
517
4
399
382
251
241
541
629
159
1093
1696
490
1596
327
120
913
1556
1950
1956
944
1429
1627
442
108
1404
2252
66
113
786
1477
1027
1915
1526
1914
700
1550
1141
1768
1501
1358
810
1578
1617
875
1475
1618
87
775
1462
47
2063
609
340
1895
1754
1154
1789
1709
763
1561
329
432
1503
2233
1490
2245
1753
1377
551
2004
201
1319
193
979
2255
2189
145
174
1438
750
537
543
581
303
856
1840
1823
1322
964
2155
1984
2050
1231
830
2200
2194
182
2308
1130
70
199
1674
1732
237
654
1763
1292
1275
1143
960
1467
1444
919
633
1395
1752
952
1193
1402
974
644
1473
1608
963
2119
675
1443
563
1911
1785
1454
619
1145
2314
1426
1996
1482
1853
1878
2304
590
631
270
257
1808
1417
1769
1905
2265
2239
1177
1270
1376
2019
1266
2099
975
1216
1456
923
879
2001
1095
513
1384
2167
1313
1703
298
1042
48
1711
35
127
254
565
1614
1973
2158
300
2106
1558
379
1479
415
1458
999
2036
146
1287
2018
613
1735
1372
1195
2083
992
729
942
672
2218
1354
653
297
2138
857
726
2058
5
1599
1782
1241
518
1120
757
583
178
1321
534
2300
267
1625
2204
446
950
1254
295
1099
1065
1101
1577
1320
281
1597
1483
306
1633
909
1677
951
1648
41
1260
310
2089
312
1936
1695
2122
1414
635
592
18
1405
2015
2126
299
1374
106
826
83
1184
183
393
646
1464
578
2033
2202
1663
413
2068
1886
1100
501
652
1512
1388
993
737
1003
1453
2013
1607
2062
764
2064
275
1218
2118
1104
1760
596
1248
2244
1079
354
1749
1656
1849
2271
1909
396
843
868
395
1707
994
1220
1783
1704
1336
350
453
1294
1806
1759
759
636
1947
504
1035
1486
2250
30
1485
1616
1846
2295
1998
1427
1048
582
1339
1474
324
1654
525
74
924
949
1860
1594
1546
1083
2269
1635
1580
349
831
506
2115
1280
1304
139
52
466
573
1875
2251
2268
617
1971
2243
920
508
1190
790
1934
342
2037
1839
520
1540
707
1740
1985
2193
1800
2000
370
496
1794
828
1331
356
946
1575
93
939
461
498
1122
196
918
799
218
1793
1858
768
1519
477
376
1199
1684
203
732
665
1026
840
1992
266
62
1982
733
1881
772
546
1600
781
1628
704
217
309
2006
980
1013
748
1316
2046
1046
336
1941
2098
1997
1371
445
528
1160
620
539
1050
758
1774
224
912
259
1883
720
1370
456
202
793
2192
1085
426
94
1470
684
966
188
849
1852
167
1498
858
2297
253
2027
1591
2171
1716
65
745
1708
1081
1724
1609
1234
2283
1962
1885
2326
904
819
75
1077
404
1541
567
2129
1302
1904
1524
2185
846
242
1891
1171
1824
289
1330
1460
1668
1277
2096
903
1831
970
660
1538
1755
1879
1544
1178
929
206
1222
1804
343
1362
1167
1952
1134
236
585
401
2112
1271
933
1016
2168
2216
200
604
240
419
1906
1643
514
1399
1843
1506
1569
189
308
2128
417
1706
71
587
1163
1585
1784
1452
1345
622
1658
2011
100
1622
1102
844
438
1109
325
1508
713
832
1261
809
2188
406
462
1974
11
1086
800
1639
1844
28
33
1733
1211
2186
699
651
1818
1194
1011
319
1107
2086
911
247
81
142
702
776
2258
527
2221
751
2299
97
741
12
2114
576
1433
1924
1000
2259
511
1180
1995
1094
762
447
1683
126
668
1901
98
212
1835
1337
1012
1463
1931
2162
1281
1284
885
1525
835
2131
49
2088
505
2205
2009
2067
1038
2249
1447
908
628
1227
1465
119
2145
2143
148
2031
1918
938
1854
90
255
353
1255
1983
14
197
1848
1121
802
1882
2
1179
730
1613
915
2196
711
2222
1488
152
464
1877
640
107
1259
1687
792
2213
1170
2026
2324
207
403
1457
1136
1571
1131
659
1139
322
1392
715
495
1533
1247
88
1761
2183
1898
981
1712
2014
687
1278
1445
1649
708
1651
58
1233
1087
335
2109
2210
372
44
555
1129
692
222
935
243
1652
1890
1491
358
1827
1636
544
1730
607
40
1157
1055
348
1373
1185
1564
57
2090
231
566
530
1937
1671
232
1552
1298
1926
441
2038
1014
2125
1361
510
135
140
634
371
1249
161
934
460
361
1586
2164
341
1935
937
1543
385
307
625
21
842
968
2005
1672
268
195
1568
2312
2070
1644
658
1615
1963
1990
1792
808
1166
2262
638
1572
1007
967
1494
2237
953
1108
595
1517
1279
1407
2278
1008
738
648
535
1623
1871
1191
926
1288
940
2053
1590
661
1765
116
961
1701
1416
1720
2144
533
1689
455
271
898
1939
811
1156
192
1084
880
749
848
2174
1560
409
1200
1164
2274
1015
1224
782
2140
314
55
1186
1954
1251
670
632
1021
1688
1397
696
2002
743
320
991
1579
2123
2281
179
262
1554
394
731
1419
765
1265
1567
431
1604
1297
580
558
1351
2234
1253
2285
1020
1903
437
3
1610
166
829
315
1031
346
2229
2296
522
956
2110
1676
787
459
2217
1202
1545
1442
39
2182
761
754
1423
1039
1777
1920
2095
204
1468
1439
861
1678
2232
2291
2101
1315
2177
1986
1592
1626
1054
427
769
42
2181
834
2024
1624
1662
20
288
9
2319
2075
493
1381
1748
1338
1386
1242
557
779
1365
392
82
1621
1807
117
2260
586
305
866
1295
215
250
1509
465
1484
2085
2107
907
655
451
24
2060
1876
2321
229
402
2142
1922
1516
